56
153
203
266
316
325
392
449
458
470
541
591
603
702
789
792
795
847
850
881
936
949
980
993
1031
1035
1041
1058
1072
1093
1106
1126
1127
1132
1140
1143
1151
1172
1174
1190
1197
1303
1308
1309
1341
1375
1380
1381
1383
1403
1410
1411
1416
1434
1436
1447
1448
1477
1482
1486
1492
1494
1580
1632
1727
1737
1742
1762
1781
1809
1823
1824
1832
1854
1871
1875
1888
1897
1910
1918
1921
1927
1960
2065
2119
2200
2239
2251
2258
2294
2300
2331
2335
2341
2414
2435
2463
2507
2516
2549
2551
2561
2570
2591
2598
2600
2601
2604
2614
2620
